43.035156 3.992656 80.980468 583.0 3
42.257812 3.995781 82.382812 593.0 3
41.789062 3.999062 83.75 603.0 3
41.847656 4.002421 85.070312 612.5 3
41.582031 4.005937 86.363281 621.5 3
41.460937 4.009531 87.632812 631.0 3
41.398437 4.013281 88.878906 640.0 3
41.175781 4.017109 90.109375 648.5 3
41.050781 4.021093 91.332031 657.5 3
40.867187 4.025312 92.515625 666.0 3
41.152343 4.029609 93.6875 674.5 3
40.847656 4.034062 94.835937 682.5 3
41.03125 4.038749 95.957031 690.5 3
41.152343 4.043515 97.070312 698.5 3
40.765625 4.048593 98.15625 706.5 3
40.828125 4.053905 99.0 714.0 3
40.910156 4.059609 99.0 722.0 3
40.804687 4.06539 99.0 729.5 3
40.785156 4.071562 99.0 736.5 3
40.746093 4.07789 99.0 744.0 3
40.746093 4.084453 99.0 751.0 3
40.582031 4.091171 99.0 758.0 3
40.929687 4.098203 99.0 765.0 3
40.683593 4.105155 99.0 772.0 3
40.335937 4.112343 99.0 779.0 3
40.171875 4.119609 99.0 786.0 3
40.132812 4.127187 99.0 792.5 3
40.273437 4.134921 99.0 799.5 3
40.050781 4.142968 99.0 806.0 3
39.84375 4.151406 99.0 812.5 3
39.703125 4.160312 99.0 819.5 3
39.5 4.169609 99.0 826.0 3
39.292968 4.179609 99.0 832.5 3
39.210937 4.186406 99.0 839.0 4
38.804687 4.188593 99.0 844.5 4
38.621093 4.189687 99.0 849.5 4
38.148437 4.19039 99.0 854.0 4
37.925781 4.190937 99.0 858.0 4
37.394531 4.191328 99.0 861.0 4
37.148437 4.191796 99.0 864.0 4
36.515625 4.192187 99.0 866.0 4
36.308593 4.192656 99.0 868.0 4
36.125 4.193046 99.0 869.5 4
35.960937 4.193359 99.0 870.5 4
35.472656 4.193515 99.0 871.5 4
35.308593 4.193906 99.0 872.0 4
35.125 4.19414 99.0 872.5 4
34.859375 4.194453 99.0 872.5 4
34.59375 4.194765 99.0 872.5 4
34.492187 4.194921 99.0 872.5 4
34.039062 4.195156 99.0 872.5 4
33.570312 4.19539 99.0 872.5 4
33.507812 4.195546 99.0 872.5 4
33.570312 4.195781 99.0 872.5 4
33.183593 4.195937 99.0 872.5 4
33.222656 4.196249 99.0 872.5 4
32.957031 4.196484 99.0 872.5 4
32.445312 4.19664 99.0 872.5 4
32.589843 4.196796 99.0 872.5 4
32.628906 4.196796 99.0 872.5 4
32.507812 4.196952 99.0 872.5 4
32.222656 4.197031 99.0 872.5 5
32.179687 4.197265 99.0 872.5 5
32.34375 4.197421 99.0 872.5 5
32.140625 4.197499 99.0 872.5 5
31.976562 4.197656 99.0 872.5 5
32.015625 4.197734 99.0 872.5 5
31.710937 4.197812 99.0 872.5 5
31.464843 4.197968 99.0 872.5 5
31.179687 4.198046 99.0 872.5 5
31.015625 4.198359 99.0 872.5 5
31.078125 4.198593 99.0 872.5 5
30.953125 4.198515 99.0 872.5 5
30.933593 4.198593 99.0 872.5 5
30.914062 4.198593 99.0 872.5 5
31.078125 4.198905 99.0 872.5 5
30.894531 4.198828 99.0 872.5 5
30.769531 4.198905 99.0 872.5 5
30.851562 4.198984 99.0 872.5 5
30.792968 4.198905 99.0 872.5 5
30.914062 4.199062 99.0 872.5 5
30.851562 4.19914 99.0 872.5 5
30.792968 4.199062 99.0 872.5 5
30.710937 4.199218 99.0 872.5 5
30.523437 4.199374 99.0 872.5 5
30.710937 4.199374 99.0 873.5 5
30.648437 4.199452 99.0 876.0 5
30.546875 4.199609 99.0 878.0 5
30.402343 4.199687 99.0 880.0 5
30.320312 4.199687 99.0 881.5 5
30.546875 4.199687 100.0 883.5 5
30.28125 4.199609 100.0 884.5 5
30.015625 4.185625 100.0 885.0 0
29.726562 4.182499 100.0 885.0 0
29.605468 4.18039 100.0 885.0 0
29.503906 4.178593 99.984375 884.5 0
29.566406 4.177109 99.984375 884.5 0
29.6875 4.175468 99.960937 884.5 0
29.585937 4.174609 99.949218 884.5 0
29.585937 4.172968 99.925781 884.0 0
29.484375 4.17203 99.886718 884.0 0
29.402343 4.170702 99.851562 883.5 0
29.484375 4.17 99.816406 883.0 0
29.460937 4.169062 99.765625 883.0 0
29.484375 4.167655 99.71875 882.5 0
29.460937 4.16664 99.667968 882.0 0
29.402343 4.165702 99.609375 881.5 0
29.359375 4.164765 99.546875 881.0 0
29.339843 4.163749 99.472656 880.0 0
29.667968 4.162265 99.398437 879.5 0
29.460937 4.161796 99.328125 879.0 0
29.441406 4.160937 99.253906 878.0 0
29.21875 4.159921 99.167968 877.5 0
29.320312 4.158984 99.09375 877.0 0
29.378906 4.158046 99.023437 876.0 0
29.277343 4.157343 98.949218 875.5 0
29.339843 4.156718 98.863281 875.0 0
29.441406 4.155781 98.789062 874.0 0
29.257812 4.154687 98.714843 873.5 0
29.320312 4.153828 98.632812 872.5 0
29.195312 4.153046 98.558593 872.0 0
29.21875 4.152265 98.484375 871.5 0
29.21875 4.151171 98.398437 870.5 0
29.09375 4.150312 98.324218 870.0 0
29.136718 4.149609 98.242187 869.5 0
29.011718 4.148593 98.167968 868.5 0
29.054687 4.14789 98.09375 868.0 0
29.15625 4.146953 98.007812 867.0 0
29.035156 4.146171 97.933593 866.5 0
29.035156 4.145468 97.851562 866.0 0
28.992187 4.144531 97.777343 865.0 0
28.890625 4.143984 97.691406 864.5 0
28.828125 4.142968 97.617187 863.5 0
28.769531 4.142265 97.542968 863.0 0
29.011718 4.141327 97.460937 862.5 0
28.746093 4.140859 97.386718 861.5 0
28.726562 4.139687 97.300781 861.0 0
28.769531 4.139218 97.226562 860.5 0
28.746093 4.138437 97.140625 859.5 0
28.6875 4.137343 97.070312 859.0 0
28.664062 4.13664 96.984375 858.0 0
28.664062 4.135624 96.910156 857.5 0
28.6875 4.134999 96.824218 857.0 0
28.6875 4.134296 96.75 856.0 0
28.664062 4.133671 96.679687 855.5 0
28.6875 4.132812 96.59375 854.5 0
28.5625 4.13203 96.519531 854.0 0
28.707031 4.131328 96.445312 853.5 0
28.625 4.13039 96.359375 852.5 0
28.5 4.129921 96.289062 852.0 0
28.421875 4.129218 96.203125 851.0 0
28.625 4.128359 96.128906 850.5 0
28.523437 4.127734 96.054687 850.0 0
28.6875 4.126718 95.96875 849.0 0
28.605468 4.125937 95.898437 848.5 0
28.582031 4.12539 95.8125 848.0 0
28.5625 4.124609 95.738281 847.0 0
28.339843 4.123984 95.652343 846.5 0
28.460937 4.123281 95.578125 845.5 0
28.460937 4.122656 95.507812 845.0 0
28.523437 4.12164 95.421875 844.5 0
28.523437 4.121093 95.347656 843.5 0
28.5 4.120234 95.261718 843.0 0
28.296875 4.119609 95.1875 842.0 0
28.296875 4.118827 95.101562 841.5 0
28.378906 4.118046 95.03125 841.0 0
28.460937 4.117656 94.957031 840.0 0
28.421875 4.116796 94.871093 839.5 0
28.605468 4.116171 94.796875 838.5 0
28.378906 4.11539 94.710937 838.0 0
28.421875 4.114765 94.640625 837.5 0
28.523437 4.114062 94.554687 836.5 0
28.296875 4.113124 94.480468 836.0 0
28.316406 4.112265 94.394531 835.0 0
28.582031 4.111796 94.320312 834.5 0
28.359375 4.111249 94.238281 834.0 0
28.378906 4.110077 94.164062 833.0 0
28.421875 4.109765 94.078125 832.5 0
28.5 4.108749 94.003906 832.0 0
28.5 4.108202 93.917968 831.0 0
28.378906 4.107656 93.847656 830.5 0
28.398437 4.106718 93.761718 829.5 0
28.421875 4.106249 93.6875 829.0 0
28.339843 4.105155 93.601562 828.0 0
28.398437 4.104609 93.527343 827.5 0
28.359375 4.103984 93.457031 827.0 0
28.460937 4.103671 93.371093 826.0 0
28.15625 4.102499 93.285156 825.5 0
28.257812 4.102031 93.210937 824.5 0
28.175781 4.101171 93.125 824.0 0
28.257812 4.10039 93.050781 823.5 0
28.5 4.099999 92.96875 822.5 0
28.234375 4.099296 92.894531 822.0 0
28.316406 4.098515 92.808593 821.0 0
28.074218 4.097968 92.734375 820.5 0
28.441406 4.097031 92.648437 820.0 0
28.132812 4.096562 92.578125 819.0 0
28.359375 4.095859 92.492187 818.5 0
28.195312 4.095234 92.417968 817.5 0
28.296875 4.094375 92.332031 817.0 0
28.132812 4.093593 92.257812 816.5 0
28.316406 4.093046 92.1875 815.5 0
28.15625 4.092343 92.101562 815.0 0
28.234375 4.091562 92.027343 814.0 0
28.15625 4.091015 91.941406 813.5 0
28.214843 4.090546 91.867187 813.0 0
28.175781 4.089843 91.78125 812.0 0
28.074218 4.088984 91.710937 811.5 0
28.15625 4.088202 91.625 810.5 0
27.96875 4.087734 91.550781 810.0 0
28.214843 4.086874 91.464843 809.5 0
28.03125 4.086249 91.378906 808.5 0
28.09375 4.085546 91.308593 808.0 0
28.09375 4.085078 91.234375 807.0 0
28.132812 4.08414 91.148437 806.5 0
28.15625 4.083827 91.074218 806.0 0
28.214843 4.082968 90.988281 805.0 0
28.132812 4.082421 90.917968 804.5 0
28.214843 4.08164 90.832031 803.5 0
28.378906 4.081171 90.757812 803.0 0
28.234375 4.080312 90.671875 802.5 0
28.113281 4.079687 90.597656 801.5 0
28.132812 4.07914 90.511718 801.0 0
28.050781 4.078437 90.441406 800.0 0
28.132812 4.077656 90.355468 799.5 0
28.09375 4.077109 90.28125 799.0 0
28.277343 4.076327 90.195312 798.0 0
28.113281 4.075859 90.121093 797.5 0
28.03125 4.075156 90.039062 796.5 0
28.09375 4.074609 89.964843 796.0 0
28.050781 4.074062 89.878906 795.5 0
28.175781 4.073593 89.804687 794.5 0
28.113281 4.072812 89.71875 794.0 0
27.96875 4.072109 89.648437 793.0 0
28.09375 4.071562 89.5625 792.5 0
28.050781 4.071093 89.476562 791.5 0
28.15625 4.070468 89.402343 791.0 0
28.132812 4.069843 89.316406 790.5 0
28.050781 4.069296 89.242187 789.5 0
27.929687 4.068671 89.160156 789.0 0
28.175781 4.068202 89.085937 788.0 0
27.96875 4.067734 89.0 787.5 0
28.09375 4.067109 88.925781 787.0 0
28.214843 4.066874 88.839843 786.0 0
27.96875 4.066406 88.769531 785.5 0
27.992187 4.066093 88.683593 784.5 0
27.992187 4.065702 88.597656 784.0 0
28.09375 4.065155 88.523437 783.0 0
28.09375 4.064843 88.4375 782.5 0
28.15625 4.064374 88.363281 782.0 0
28.03125 4.064062 88.28125 781.0 0
28.257812 4.063593 88.195312 780.5 0
28.011718 4.063281 88.121093 779.5 0
28.050781 4.062812 88.035156 779.0 0
28.03125 4.062812 87.960937 778.5 0
27.949218 4.062265 87.875 777.5 0
28.175781 4.061874 87.804687 777.0 0
28.132812 4.061093 87.71875 776.0 0
27.910156 4.060859 87.644531 775.5 0
28.011718 4.060546 87.558593 774.5 0
27.96875 4.060078 87.472656 774.0 0
28.03125 4.059453 87.402343 773.5 0
27.96875 4.058984 87.339843 772.5 0
28.175781 4.058203 87.253906 772.0 0
28.050781 4.057968 87.179687 771.5 0
28.09375 4.057187 87.121093 771.0 0
27.992187 4.056952 87.046875 770.0 0
27.96875 4.056484 86.972656 769.5 0
28.277343 4.055859 86.914062 769.0 0
28.074218 4.055156 86.839843 768.5 0
27.992187 4.054296 86.777343 768.0 0
27.96875 4.05414 86.703125 767.0 0
28.050781 4.052968 86.632812 766.5 0
28.03125 4.052421 86.570312 766.0 0
27.949218 4.051718 86.496093 765.5 0
27.96875 4.051249 86.4375 765.0 0
28.074218 4.050546 86.363281 764.0 0
28.011718 4.049687 86.300781 763.5 0
28.15625 4.048828 86.230468 763.0 0
28.050781 4.048202 86.15625 762.5 0
28.011718 4.047421 86.082031 761.5 0
28.011718 4.04664 86.019531 761.0 0
27.847656 4.045937 85.949218 760.5 0
28.050781 4.045077 85.863281 759.5 0
28.011718 4.044531 85.789062 759.0 0
27.910156 4.043749 85.714843 758.5 0
28.03125 4.042655 85.628906 757.5 0
27.96875 4.041953 85.558593 757.0 0
28.175781 4.041249 85.472656 756.5 0
27.910156 4.04039 85.398437 755.5 0
27.96875 4.039531 85.3125 755.0 0
28.03125 4.038437 85.226562 754.0 0
28.175781 4.03789 85.15625 753.5 0
28.011718 4.037031 85.070312 752.5 0
27.910156 4.036171 84.996093 752.0 0
27.808593 4.035312 84.910156 751.5 0
28.011718 4.034765 84.835937 750.5 0
27.890625 4.033671 84.75 750.0 0
28.011718 4.032734 84.667968 749.0 0
27.992187 4.032031 84.59375 748.5 0
28.09375 4.03125 84.507812 747.5 0
27.949218 4.030468 84.421875 747.0 0
27.96875 4.029609 84.347656 746.5 0
28.09375 4.028437 84.261718 745.5 0
28.011718 4.027812 84.191406 745.0 0
28.03125 4.02703 84.105468 744.0 0
27.847656 4.026328 84.019531 743.5 0
27.746093 4.025546 83.945312 742.5 0
27.867187 4.024453 83.859375 742.0 0
27.992187 4.023671 83.773437 741.5 0
27.785156 4.022734 83.703125 740.5 0
27.910156 4.021874 83.617187 740.0 0
27.96875 4.021171 83.542968 739.0 0
27.808593 4.020234 83.457031 738.5 0
27.746093 4.019218 83.371093 737.5 0
27.910156 4.018593 83.300781 737.0 0
27.703125 4.017656 83.214843 736.5 0
27.828125 4.016796 83.128906 735.5 0
27.828125 4.016093 83.054687 735.0 0
27.929687 4.015234 82.96875 734.0 0
27.890625 4.014531 82.894531 733.5 0
27.949218 4.01375 82.8125 732.5 0
27.808593 4.013124 82.726562 732.0 0
27.847656 4.012031 82.652343 731.0 0
27.910156 4.01125 82.566406 730.5 0
27.949218 4.010703 82.480468 730.0 0
28.113281 4.009843 82.394531 729.0 0
27.890625 4.009296 82.308593 728.5 0
27.746093 4.008203 82.226562 727.5 0
27.949218 4.007812 82.128906 726.5 0
27.726562 4.00703 82.042968 726.0 0
27.664062 4.006093 81.957031 725.0 0
27.808593 4.005077 81.859375 724.5 0
27.890625 4.004453 81.773437 723.5 0
27.929687 4.003906 81.6875 722.5 0
27.890625 4.002812 81.589843 722.0 0
27.726562 4.002031 81.492187 721.0 0
27.910156 4.001796 81.40625 720.5 0
27.726562 4.000937 81.308593 719.5 0
27.808593 4.000234 81.222656 718.5 0
27.808593 3.999453 81.125 718.0 0
27.703125 3.999062 81.039062 717.0 0
27.992187 3.998281 80.941406 716.0 0
27.847656 3.997265 80.84375 715.5 0
27.847656 3.996874 80.761718 714.5 0
27.890625 3.996171 80.664062 713.5 0
27.808593 3.995546 80.578125 713.0 0
27.664062 3.995078 80.492187 712.0 0
27.703125 3.994452 80.40625 711.5 0
27.929687 3.993437 80.320312 710.5 0
27.890625 3.992656 80.234375 710.0 0
27.867187 3.992031 80.148437 709.0 0
27.601562 3.991796 80.0625 708.5 0
27.785156 3.991093 79.980468 707.5 0
27.726562 3.990312 79.894531 707.0 0
27.808593 3.989609 79.808593 706.0 0
27.644531 3.98914 79.722656 705.5 0
27.785156 3.988593 79.648437 704.5 0
27.867187 3.987968 79.5625 704.0 0
27.746093 3.987421 79.476562 703.0 0
27.621093 3.986874 79.394531 702.5 0
27.785156 3.986171 79.308593 701.5 0
27.703125 3.985546 79.234375 701.0 0
27.726562 3.985156 79.148437 700.5 0
27.929687 3.984452 79.0625 699.5 0
27.847656 3.983906 78.988281 699.0 0
27.601562 3.983281 78.90625 698.0 0
27.683593 3.983046 78.820312 697.5 0
27.683593 3.982031 78.734375 696.5 0
27.828125 3.981718 78.660156 696.0 0
27.644531 3.981249 78.574218 695.0 0
27.746093 3.980937 78.488281 694.5 0
27.765625 3.980077 78.402343 693.5 0
27.828125 3.979609 78.332031 693.0 0
27.785156 3.978984 78.246093 692.5 0
27.519531 3.978515 78.160156 691.5 0
27.808593 3.978203 78.085937 691.0 0
27.703125 3.977656 78.0 690.0 0
27.765625 3.977031 77.914062 689.5 0
27.765625 3.976562 77.832031 688.5 0
27.644531 3.976093 77.757812 688.0 0
27.910156 3.975546 77.671875 687.0 0
27.664062 3.975078 77.597656 686.5 0
27.765625 3.974531 77.511718 686.0 0
27.726562 3.97414 77.425781 685.0 0
27.683593 3.973749 77.355468 684.5 0
27.828125 3.972968 77.269531 683.5 0
27.644531 3.972578 77.183593 683.0 0
27.726562 3.972031 77.097656 682.0 0
27.582031 3.971562 77.023437 681.5 0
27.644531 3.971171 76.9375 680.5 0
27.726562 3.971093 76.855468 680.0 0
27.601562 3.970624 76.78125 679.5 0
27.664062 3.97 76.695312 678.5 0
27.828125 3.969687 76.609375 678.0 0
27.703125 3.969374 76.523437 677.0 0
27.683593 3.968984 76.449218 676.5 0
27.703125 3.968515 76.367187 675.5 0
27.683593 3.968437 76.28125 675.0 0
27.703125 3.967734 76.195312 674.0 0
27.890625 3.967656 76.121093 673.5 0
27.808593 3.967265 76.035156 672.5 0
27.683593 3.967031 75.949218 672.0 0
27.644531 3.966796 75.878906 671.5 0
27.644531 3.966562 75.792968 670.5 0
27.601562 3.966015 75.707031 670.0 0
27.828125 3.965937 75.632812 669.0 0
27.746093 3.965624 75.558593 668.5 0
27.765625 3.965234 75.488281 668.0 0
27.621093 3.964921 75.414062 667.5 0
27.703125 3.964375 75.351562 666.5 0
27.460937 3.964218 75.277343 666.0 0
27.726562 3.963749 75.207031 665.5 0
27.664062 3.963359 75.132812 665.0 0
27.601562 3.963281 75.058593 664.0 0
27.683593 3.962812 75.0 663.5 0
27.746093 3.962343 74.925781 663.0 0
27.683593 3.962187 74.863281 662.5 0
27.664062 3.961718 74.789062 661.5 0
27.601562 3.961406 74.730468 661.0 0
27.460937 3.960937 74.65625 660.5 0
27.726562 3.960312 74.59375 660.0 0
27.703125 3.960156 74.523437 659.5 0
27.664062 3.959609 74.460937 659.0 0
27.683593 3.959296 74.398437 658.0 0
27.582031 3.958827 74.328125 657.5 0
27.601562 3.958515 74.265625 657.0 0
27.519531 3.957812 74.203125 656.5 0
27.4375 3.957499 74.144531 656.0 0
27.519531 3.956874 74.070312 655.5 0
27.621093 3.956562 74.007812 655.0 0
27.5625 3.956093 73.949218 654.0 0
27.726562 3.955703 73.875 653.5 0
27.746093 3.95539 73.8125 653.0 0
27.746093 3.954609 73.753906 652.5 0
27.601562 3.954375 73.691406 652.0 0
27.683593 3.953671 73.632812 651.5 0
27.621093 3.953281 73.558593 651.0 0
27.703125 3.952968 73.496093 650.5 0
27.992187 3.952421 73.4375 649.5 0
27.644531 3.951718 73.375 649.0 0
27.621093 3.951406 73.3125 648.5 0
27.726562 3.950937 73.253906 648.0 0
27.5625 3.95039 73.179687 647.5 0
27.621093 3.949921 73.117187 647.0 0
27.703125 3.949374 73.058593 646.5 0
27.5625 3.948827 72.996093 646.0 0
27.726562 3.948437 72.921875 645.0 0
27.5 3.947968 72.863281 644.5 0
27.582031 3.947343 72.800781 644.0 0
27.644531 3.946796 72.726562 643.5 0
27.644531 3.946562 72.667968 643.0 0
27.664062 3.946171 72.605468 642.5 0
27.726562 3.945546 72.542968 642.0 0
27.582031 3.944921 72.484375 641.5 0
27.621093 3.944296 72.410156 640.5 0
27.644531 3.94414 72.347656 640.0 0
27.601562 3.943593 72.289062 639.5 0
27.542968 3.94289 72.214843 639.0 0
27.460937 3.942578 72.152343 638.5 0
27.5 3.942031 72.09375 638.0 0
27.664062 3.94164 72.03125 637.5 0
27.480468 3.941015 71.957031 636.5 0
27.683593 3.940703 71.898437 636.0 0
27.480468 3.940234 71.835937 635.5 0
27.542968 3.939765 71.777343 635.0 0
27.683593 3.939062 71.714843 634.5 0
27.683593 3.938593 71.652343 634.0 0
27.5625 3.938203 71.582031 633.5 0
27.5625 3.937734 71.519531 633.0 0
27.355468 3.937265 71.457031 632.0 0
27.460937 3.937031 71.398437 631.5 0
27.296875 3.936484 71.335937 631.0 0
27.398437 3.935859 71.273437 630.5 0
27.542968 3.935312 71.203125 630.0 0
27.601562 3.934921 71.140625 629.5 0
27.746093 3.934765 71.078125 629.0 0
27.519531 3.93414 71.019531 628.5 0
27.4375 3.933671 70.945312 627.5 0
27.621093 3.933046 70.882812 627.0 0
27.480468 3.932812 70.824218 626.5 0
27.4375 3.932187 70.761718 626.0 0
27.417968 3.93164 70.703125 625.5 0
27.542968 3.931249 70.640625 625.0 0
27.519531 3.930624 70.566406 624.5 0
27.644531 3.930234 70.507812 624.0 0
27.582031 3.929765 70.445312 623.5 0
27.5625 3.929374 70.382812 622.5 0
27.5 3.928749 70.324218 622.0 0
27.582031 3.928203 70.261718 621.5 0
27.5625 3.927968 70.1875 621.0 0
27.417968 3.927343 70.128906 620.5 0
27.621093 3.927187 70.066406 620.0 0
27.460937 3.926484 70.003906 619.5 0
27.335937 3.926015 69.945312 619.0 0
27.460937 3.925624 69.871093 618.0 0
27.398437 3.925156 69.808593 617.5 0
27.683593 3.924687 69.75 617.0 0
27.335937 3.924218 69.6875 616.5 0
27.5 3.923671 69.613281 616.0 0
27.355468 3.923046 69.554687 615.5 0
27.4375 3.922656 69.492187 615.0 0
27.480468 3.922109 69.433593 614.5 0
27.5 3.921875 69.371093 613.5 0
27.5625 3.921484 69.296875 613.0 0
27.582031 3.920624 69.238281 612.5 0
27.460937 3.920624 69.175781 612.0 0
27.398437 3.919921 69.101562 611.5 0
27.5 3.919296 69.042968 611.0 0
27.355468 3.918984 68.980468 610.5 0
27.417968 3.918437 68.917968 609.5 0
27.277343 3.918281 68.847656 609.0 0
27.378906 3.91789 68.785156 608.5 0
27.460937 3.917187 68.722656 608.0 0
27.378906 3.916796 68.664062 607.5 0
27.398437 3.916406 68.601562 607.0 0
27.296875 3.915937 68.539062 606.5 0
27.4375 3.915468 68.46875 606.0 0
27.417968 3.914687 68.40625 605.5 0
27.5 3.914531 68.34375 604.5 0
27.296875 3.91414 68.285156 604.0 0
27.234375 3.913515 68.222656 603.5 0
27.378906 3.913124 68.164062 603.0 0
27.335937 3.912578 68.101562 602.5 0
27.460937 3.912265 68.027343 602.0 0
27.460937 3.911796 67.96875 601.5 0
27.542968 3.911093 67.90625 601.0 0
27.5 3.911015 67.84375 600.0 0
27.480468 3.910234 67.785156 599.5 0
27.519531 3.909921 67.722656 599.0 0
27.4375 3.90914 67.648437 598.5 0
27.355468 3.908593 67.589843 598.0 0
27.460937 3.908281 67.527343 597.5 0
27.378906 3.90789 67.453125 597.0 0
27.316406 3.907577 67.394531 596.5 0
27.398437 3.906874 67.332031 595.5 0
27.277343 3.90664 67.269531 595.0 0
27.355468 3.906015 67.199218 594.5 0
27.4375 3.90539 67.136718 594.0 0
27.417968 3.904921 67.074218 593.5 0
27.296875 3.904296 67.003906 593.0 0
27.355468 3.903906 66.941406 592.0 0
27.335937 3.903749 66.878906 591.5 0
27.355468 3.903124 66.820312 591.0 0
27.335937 3.902734 66.746093 590.5 0
27.296875 3.902265 66.683593 590.0 0
27.253906 3.901875 66.625 589.5 0
27.519531 3.901093 66.5625 589.0 0
27.460937 3.900781 66.503906 588.5 0
27.378906 3.900156 66.441406 588.0 0
27.316406 3.899999 66.367187 587.0 0
27.316406 3.899296 66.308593 586.5 0
27.316406 3.898749 66.246093 586.0 0
27.417968 3.898281 66.183593 585.5 0
27.4375 3.897656 66.125 585.0 0
27.4375 3.897343 66.050781 584.5 0
27.480468 3.897109 65.988281 584.0 0
27.621093 3.896327 65.929687 583.5 0
27.253906 3.896093 65.867187 582.5 0
27.335937 3.895468 65.792968 582.0 0
27.398437 3.895156 65.734375 581.5 0
27.355468 3.894453 65.671875 581.0 0
27.234375 3.893984 65.609375 580.5 0
27.355468 3.893671 65.539062 580.0 0
27.296875 3.892578 65.476562 579.5 0
27.316406 3.892499 65.414062 578.5 0
27.316406 3.892031 65.34375 578.0 0
27.5 3.891718 65.28125 577.5 0
27.316406 3.891093 65.21875 577.0 0
27.378906 3.89039 65.160156 576.5 0
27.355468 3.890156 65.085937 576.0 0
27.316406 3.889452 65.023437 575.5 0
27.253906 3.889062 64.964843 574.5 0
27.5625 3.888281 64.890625 574.0 0
27.335937 3.888203 64.828125 573.5 0
27.480468 3.887421 64.769531 573.0 0
27.460937 3.887031 64.695312 572.5 0
27.253906 3.886406 64.632812 572.0 0
27.480468 3.885859 64.574218 571.5 0
27.316406 3.885312 64.5 570.5 0
27.296875 3.884843 64.4375 570.0 0
27.296875 3.884453 64.378906 569.5 0
27.335937 3.883906 64.316406 569.0 0
27.253906 3.883437 64.242187 568.5 0
27.214843 3.882968 64.183593 568.0 0
27.277343 3.882578 64.121093 567.5 0
27.253906 3.881718 64.046875 566.5 0
27.5 3.881015 63.988281 566.0 0
27.5 3.880468 63.914062 565.5 0
27.460937 3.880312 63.851562 565.0 0
27.335937 3.879452 63.78125 564.5 0
27.316406 3.879062 63.71875 563.5 0
27.316406 3.878281 63.644531 563.0 0
27.378906 3.878046 63.585937 562.5 0
27.582031 3.877187 63.511718 562.0 0
27.480468 3.876718 63.4375 561.5 0
27.296875 3.876171 63.378906 560.5 0
27.253906 3.875703 63.304687 560.0 0
27.417968 3.875 63.242187 559.5 0
27.335937 3.874296 63.167968 559.0 0
27.195312 3.873984 63.097656 558.0 0
27.296875 3.873515 63.023437 557.5 0
27.253906 3.873046 62.960937 557.0 0
27.417968 3.872421 62.890625 556.5 0
27.277343 3.871718 62.816406 556.0 0
27.253906 3.871171 62.753906 555.0 0
27.253906 3.870702 62.679687 554.5 0
27.378906 3.870078 62.609375 554.0 0
27.214843 3.869374 62.535156 553.5 0
27.460937 3.869062 62.472656 552.5 0
27.417968 3.868046 62.402343 552.0 0
27.398437 3.867734 62.328125 551.5 0
27.214843 3.867187 62.253906 550.5 0
27.195312 3.866328 62.179687 550.0 0
27.277343 3.865937 62.109375 549.5 0
27.277343 3.865312 62.035156 549.0 0
27.132812 3.864687 61.960937 548.0 0
27.378906 3.864218 61.886718 547.5 0
27.335937 3.863515 61.816406 547.0 0
27.316406 3.863203 61.742187 546.0 0
27.355468 3.862499 61.667968 545.5 0
27.234375 3.86164 61.582031 545.0 0
27.335937 3.861249 61.507812 544.0 0
27.152343 3.860702 61.425781 543.5 0
27.195312 3.860234 61.351562 542.5 0
27.277343 3.859375 61.265625 542.0 0
27.355468 3.858984 61.179687 541.5 0
27.417968 3.858437 61.105468 540.5 0
27.253906 3.85789 61.035156 540.0 0
27.355468 3.856874 60.949218 539.0 0
27.195312 3.856562 60.863281 538.5 0
27.378906 3.855937 60.777343 537.5 0
27.355468 3.855156 60.691406 537.0 0
27.195312 3.854765 60.617187 536.0 0
27.277343 3.854218 60.53125 535.5 0
27.214843 3.853671 60.449218 535.0 0
27.113281 3.853046 60.363281 534.0 0
27.171875 3.852577 60.277343 533.5 0
27.316406 3.851874 60.203125 532.5 0
27.335937 3.851249 60.117187 532.0 0
27.195312 3.850703 60.03125 531.0 0
27.277343 3.850234 59.945312 530.5 0
27.171875 3.849687 59.863281 529.5 0
27.335937 3.848984 59.777343 529.0 0
27.335937 3.848593 59.691406 528.0 0
27.296875 3.848046 59.605468 527.5 0
27.277343 3.847421 59.519531 526.5 0
27.296875 3.846718 59.445312 526.0 0
27.214843 3.846249 59.359375 525.0 0
27.296875 3.845859 59.277343 524.5 0
27.234375 3.845 59.191406 523.5 0
27.316406 3.844687 59.105468 523.0 0
27.152343 3.844062 59.019531 522.0 0
27.253906 3.84375 58.933593 521.5 0
27.195312 3.843046 58.847656 520.5 0
27.214843 3.842421 58.773437 520.0 0
27.195312 3.84164 58.675781 519.0 0
27.253906 3.841484 58.605468 518.5 0
27.195312 3.840937 58.519531 517.5 0
27.277343 3.840312 58.433593 517.0 0
27.195312 3.839843 58.347656 516.0 0
27.398437 3.839218 58.261718 515.5 0
27.277343 3.838671 58.175781 514.5 0
27.214843 3.838671 58.089843 514.0 0
27.316406 3.838046 58.019531 513.0 0
27.378906 3.837265 57.933593 512.5 0
27.316406 3.836874 57.847656 512.0 0
27.378906 3.836249 57.761718 511.0 0
27.253906 3.836015 57.675781 510.5 0
27.316406 3.835078 57.601562 509.5 0
27.171875 3.834843 57.519531 509.0 0
27.253906 3.834218 57.433593 508.0 0
27.355468 3.83375 57.347656 507.5 0
27.398437 3.833437 57.273437 506.5 0
27.277343 3.832968 57.1875 506.0 0
27.296875 3.832421 57.101562 505.0 0
27.335937 3.831796 57.03125 504.5 0
27.195312 3.83164 56.945312 504.0 0
27.152343 3.830937 56.859375 503.0 0
27.316406 3.830703 56.785156 502.5 0
27.113281 3.830468 56.699218 501.5 0
27.296875 3.829843 56.613281 501.0 0
27.398437 3.829218 56.527343 500.0 0
27.070312 3.828828 56.457031 499.5 0
27.296875 3.828515 56.371093 498.5 0
27.195312 3.827812 56.285156 498.0 0
27.296875 3.827421 56.210937 497.0 0
27.152343 3.827187 56.125 496.5 0
27.253906 3.826718 56.039062 496.0 0
27.277343 3.826171 55.957031 495.0 0
27.398437 3.825781 55.871093 494.5 0
27.234375 3.825156 55.785156 493.5 0
27.253906 3.825312 55.710937 493.0 0
27.335937 3.824843 55.625 492.0 0
27.277343 3.82414 55.539062 491.5 0
27.132812 3.823827 55.453125 490.5 0
27.335937 3.823671 55.371093 490.0 0
27.195312 3.823124 55.285156 489.0 0
27.398437 3.822734 55.199218 488.5 0
27.171875 3.822343 55.125 487.5 0
27.277343 3.822187 55.039062 487.0 0
27.355468 3.821484 54.953125 486.0 0
27.132812 3.821171 54.867187 485.5 0
27.253906 3.821093 54.785156 484.5 0
27.132812 3.820234 54.699218 484.0 0
27.152343 3.820078 54.613281 483.0 0
27.234375 3.819765 54.527343 482.5 0
27.335937 3.819374 54.441406 481.5 0
27.355468 3.81914 54.355468 481.0 0
27.152343 3.818515 54.269531 480.0 0
27.132812 3.818125 54.183593 479.5 0
27.113281 3.817968 54.101562 478.5 0
27.214843 3.817812 54.015625 478.0 0
27.253906 3.817421 53.941406 477.0 0
27.195312 3.816718 53.855468 476.5 0
27.113281 3.816406 53.769531 475.5 0
27.277343 3.816171 53.683593 475.0 0
27.335937 3.815624 53.597656 474.0 0
27.089843 3.815468 53.527343 473.5 0
27.195312 3.814999 53.441406 472.5 0
27.152343 3.814921 53.355468 472.0 0
27.050781 3.814453 53.269531 471.0 0
27.316406 3.81414 53.183593 470.5 0
27.277343 3.813827 53.097656 469.5 0
27.296875 3.813437 53.011718 469.0 0
27.214843 3.813046 52.941406 468.5 0
27.152343 3.813046 52.855468 467.5 0
27.296875 3.812968 52.769531 467.0 0
27.316406 3.812187 52.683593 466.0 0
27.296875 3.811484 52.597656 465.5 0
27.277343 3.81164 52.523437 464.5 0
27.234375 3.811484 52.441406 464.0 0
27.214843 3.810937 52.367187 463.0 0
27.113281 3.810468 52.28125 462.5 0
27.132812 3.810546 52.195312 462.0 0
26.949218 3.810078 52.121093 461.0 0
27.152343 3.809843 52.035156 460.5 0
27.316406 3.809531 51.953125 459.5 0
27.277343 3.80914 51.878906 459.0 0
27.089843 3.808749 51.792968 458.0 0
27.277343 3.808515 51.71875 457.5 0
27.195312 3.808437 51.632812 457.0 0
27.195312 3.808202 51.5625 456.0 0
27.335937 3.807734 51.476562 455.5 0
27.113281 3.807343 51.402343 454.5 0
27.253906 3.806952 51.316406 454.0 0
27.296875 3.806796 51.242187 453.5 0
27.234375 3.806562 51.15625 452.5 0
27.070312 3.806406 51.085937 452.0 0
27.277343 3.806015 51.0 451.0 0
27.296875 3.805546 50.925781 450.5 0
27.113281 3.805468 50.839843 450.0 0
27.253906 3.805312 50.765625 449.0 0
27.296875 3.804999 50.695312 448.5 0
27.316406 3.804531 50.609375 447.5 0
27.152343 3.804296 50.535156 447.0 0
27.253906 3.803984 50.449218 446.5 0
27.355468 3.803671 50.375 445.5 0
27.132812 3.803749 50.304687 445.0 0
27.296875 3.803203 50.21875 444.5 0
27.277343 3.802812 50.144531 443.5 0
27.214843 3.802734 50.070312 443.0 0
27.234375 3.802577 50.0 442.5 0
27.132812 3.802109 49.925781 441.5 0
27.171875 3.802109 49.839843 441.0 0
27.171875 3.801796 49.765625 440.5 0
27.355468 3.801484 49.691406 439.5 0
27.214843 3.801171 49.621093 439.0 0
27.132812 3.801015 49.546875 438.5 0
27.152343 3.800624 49.460937 437.5 0
27.234375 3.800312 49.386718 437.0 0
27.113281 3.800156 49.316406 436.5 0
27.253906 3.799843 49.242187 435.5 0
27.253906 3.799843 49.167968 435.0 0
27.089843 3.799453 49.09375 434.5 0
27.253906 3.799218 49.023437 433.5 0
27.214843 3.798593 48.949218 433.0 0
27.234375 3.798749 48.875 432.5 0
27.089843 3.798125 48.800781 431.5 0
27.152343 3.798437 48.730468 431.0 0
27.152343 3.797812 48.65625 430.5 0
27.214843 3.797656 48.582031 430.0 0
27.171875 3.797265 48.507812 429.0 0
27.152343 3.797109 48.4375 428.5 0
26.96875 3.797109 48.363281 428.0 0
27.171875 3.796562 48.289062 427.0 0
27.234375 3.796406 48.214843 426.5 0
27.253906 3.796015 48.144531 426.0 0
27.152343 3.795859 48.070312 425.5 0
27.132812 3.795624 47.996093 424.5 0
27.195312 3.795156 47.933593 424.0 0
27.070312 3.79539 47.863281 423.5 0
27.152343 3.794999 47.789062 423.0 0
27.050781 3.794921 47.726562 422.0 0
27.277343 3.794453 47.65625 421.5 0
27.113281 3.794218 47.59375 421.0 0
27.296875 3.794062 47.519531 420.5 0
27.113281 3.793828 47.460937 420.0 0
27.316406 3.793515 47.386718 419.0 0
27.113281 3.793437 47.3125 418.5 0
27.214843 3.792968 47.238281 418.0 0
27.03125 3.792812 47.167968 417.5 0
27.234375 3.792734 47.09375 416.5 0
27.214843 3.792343 47.03125 416.0 0
27.171875 3.792265 46.957031 415.5 0
27.234375 3.791953 46.886718 415.0 0
27.253906 3.79164 46.824218 414.0 0
27.316406 3.79164 46.75 413.5 0
27.214843 3.791484 46.679687 413.0 0
27.398437 3.791249 46.59375 412.0 0
27.113281 3.790703 46.519531 411.5 0
27.113281 3.790624 46.445312 411.0 0
27.195312 3.790546 46.371093 410.0 0
27.234375 3.789999 46.300781 409.5 0
27.335937 3.789999 46.226562 409.0 0
27.195312 3.789453 46.152343 408.0 0
27.277343 3.789453 46.066406 407.5 0
27.113281 3.789218 45.996093 407.0 0
27.171875 3.789374 45.910156 406.0 0
27.132812 3.788749 45.835937 405.5 0
27.132812 3.788906 45.75 404.5 0
27.171875 3.788281 45.675781 404.0 0
27.253906 3.788203 45.589843 403.5 0
27.253906 3.788437 45.507812 402.5 0
27.113281 3.787578 45.421875 402.0 0
27.253906 3.787812 45.335937 401.0 0
27.152343 3.787499 45.261718 400.5 0
27.113281 3.786952 45.175781 399.5 0
27.296875 3.786952 45.101562 399.0 0
27.089843 3.78664 45.019531 398.0 0
27.214843 3.786718 44.933593 397.5 0
27.195312 3.786406 44.847656 396.5 0
27.171875 3.786406 44.761718 396.0 0
27.234375 3.785937 44.664062 395.0 0
27.195312 3.785781 44.578125 394.5 0
27.277343 3.78539 44.492187 393.5 0
27.050781 3.785312 44.40625 393.0 0
27.253906 3.785312 44.320312 392.0 0
27.03125 3.785078 44.238281 391.5 0
27.195312 3.784921 44.152343 390.5 0
27.132812 3.784296 44.066406 390.0 0
27.195312 3.784374 43.980468 389.0 0
27.070312 3.784218 43.894531 388.5 0
27.089843 3.783828 43.796875 387.5 0
27.296875 3.783749 43.699218 386.5 0
27.152343 3.783593 43.613281 386.0 0
27.113281 3.783593 43.515625 385.0 0
27.113281 3.78289 43.429687 384.0 0
27.089843 3.783046 43.34375 383.5 0
27.113281 3.782656 43.261718 382.5 0
27.171875 3.782421 43.164062 382.0 0
27.050781 3.782265 43.066406 381.0 0
27.050781 3.782031 42.96875 380.0 0
27.296875 3.782031 42.871093 379.5 0
26.929687 3.781874 42.785156 378.5 0
27.234375 3.781796 42.6875 377.5 0
27.089843 3.781327 42.601562 377.0 0
27.152343 3.781327 42.503906 376.0 0
27.152343 3.781093 42.40625 375.0 0
27.277343 3.780781 42.296875 374.0 0
27.378906 3.780703 42.199218 373.5 0
27.050781 3.780624 42.113281 372.5 0
27.152343 3.780624 42.015625 371.5 0
27.152343 3.780077 41.917968 371.0 0
27.132812 3.779843 41.808593 370.0 0
27.132812 3.779609 41.710937 369.0 0
27.316406 3.779531 41.613281 368.0 0
27.132812 3.77914 41.503906 367.0 0
27.050781 3.779218 41.40625 366.5 0
27.355468 3.778984 41.308593 365.5 0
27.113281 3.778437 41.222656 364.5 0
27.152343 3.778359 41.113281 363.5 0
27.316406 3.778437 41.0 362.5 0
27.234375 3.778124 40.902343 362.0 0
27.214843 3.778359 40.804687 361.0 0
27.113281 3.778046 40.707031 360.0 0
27.316406 3.77789 40.597656 359.0 0
27.214843 3.777656 40.5 358.5 0
27.03125 3.777343 40.402343 357.5 0
27.113281 3.777265 40.304687 356.5 0
27.195312 3.777031 40.207031 355.5 0
27.296875 3.776796 40.097656 354.5 0
27.277343 3.776718 40.0 354.0 0
27.171875 3.776562 39.890625 353.0 0
27.335937 3.776484 39.792968 352.0 0
27.335937 3.776093 39.695312 351.0 0
27.03125 3.775937 39.597656 350.0 0
27.152343 3.776015 39.5 349.5 0
27.214843 3.775859 39.390625 348.5 0
27.089843 3.775702 39.292968 347.5 0
27.214843 3.775468 39.183593 346.5 0
27.171875 3.775234 39.085937 345.5 0
27.335937 3.774999 38.988281 345.0 0
27.050781 3.774687 38.878906 344.0 0
27.113281 3.774765 38.78125 343.0 0
27.171875 3.774531 38.683593 342.0 0
27.171875 3.774374 38.585937 341.0 0
27.132812 3.774218 38.476562 340.5 0
27.132812 3.773906 38.363281 339.5 0
27.132812 3.774218 38.265625 338.5 0
27.132812 3.773906 38.167968 337.5 0
27.171875 3.773749 38.058593 336.5 0
27.316406 3.773515 37.960937 336.0 0
27.234375 3.773124 37.863281 335.0 0
27.253906 3.773124 37.765625 334.0 0
27.089843 3.773124 37.667968 333.0 0
27.171875 3.772812 37.570312 332.5 0
27.070312 3.77289 37.472656 331.5 0
27.214843 3.772578 37.363281 330.5 0
27.195312 3.772343 37.265625 329.5 0
26.988281 3.772343 37.15625 328.5 0
27.398437 3.772031 37.058593 328.0 0
27.277343 3.771874 36.960937 327.0 0
27.050781 3.771874 36.863281 326.0 0
27.171875 3.771718 36.765625 325.0 0
27.234375 3.77164 36.667968 324.5 0
27.113281 3.771327 36.570312 323.5 0
27.195312 3.771171 36.472656 322.5 0
27.214843 3.771015 36.375 321.5 0
27.132812 3.770937 36.265625 321.0 0
27.277343 3.770781 36.167968 320.0 0
27.152343 3.770546 36.070312 319.0 0
27.152343 3.77039 35.972656 318.0 0
27.195312 3.770312 35.875 317.5 0
27.089843 3.770156 35.777343 316.5 0
27.335937 3.769921 35.679687 315.5 0
27.277343 3.769531 35.59375 315.0 0
27.050781 3.769765 35.496093 314.0 0
27.195312 3.769531 35.398437 313.0 0
27.089843 3.769296 35.289062 312.0 0
27.214843 3.769374 35.191406 311.5 0
27.011718 3.76914 35.09375 310.5 0
27.132812 3.769218 34.996093 309.5 0
27.195312 3.768828 34.898437 308.5 0
27.152343 3.768515 34.800781 308.0 0
27.152343 3.768671 34.714843 307.0 0
27.152343 3.768124 34.617187 306.0 0
27.113281 3.768203 34.519531 305.5 0
27.234375 3.767968 34.433593 304.5 0
27.296875 3.768046 34.335937 303.5 0
27.195312 3.767812 34.226562 303.0 0
27.070312 3.767812 34.128906 302.0 0
27.152343 3.767578 34.03125 301.0 0
27.195312 3.767265 33.933593 300.0 0
27.214843 3.767265 33.847656 299.5 0
27.296875 3.767031 33.75 298.5 0
27.132812 3.767265 33.652343 297.5 0
27.195312 3.766952 33.566406 297.0 0
27.234375 3.766796 33.46875 296.0 0
27.152343 3.766484 33.371093 295.0 0
27.277343 3.766328 33.273437 294.5 0
27.089843 3.766406 33.175781 293.5 0
27.316406 3.766562 33.078125 292.5 0
27.171875 3.766249 32.980468 292.0 0
27.113281 3.766328 32.894531 291.0 0
27.070312 3.766015 32.796875 290.0 0
27.378906 3.765937 32.699218 289.0 0
27.089843 3.765702 32.617187 288.5 0
27.195312 3.765312 32.519531 287.5 0
27.132812 3.765546 32.433593 287.0 0
27.214843 3.76539 32.335937 286.0 0
27.171875 3.765156 32.238281 285.0 0
27.152343 3.76539 32.152343 284.5 0
27.253906 3.765078 32.054687 283.5 0
27.296875 3.764921 31.957031 282.5 0
27.050781 3.764843 31.859375 282.0 0
27.171875 3.764765 31.773437 281.0 0
27.234375 3.764531 31.675781 280.0 0
27.234375 3.764374 31.589843 279.5 0
27.152343 3.764374 31.503906 278.5 0
27.316406 3.763984 31.417968 278.0 0
27.195312 3.763906 31.320312 277.0 0
27.214843 3.763749 31.210937 276.0 0
27.171875 3.763906 31.125 275.0 0
27.214843 3.763515 31.027343 274.5 0
27.03125 3.763281 30.929687 273.5 0
27.234375 3.763359 30.84375 273.0 0
27.277343 3.763437 30.746093 272.0 0
27.214843 3.763203 30.664062 271.0 0
27.089843 3.762968 30.578125 270.5 0
27.132812 3.762968 30.492187 269.5 0
27.050781 3.762812 30.40625 269.0 0
27.03125 3.762656 30.308593 268.0 0
27.253906 3.762656 30.210937 267.0 0
27.195312 3.762343 30.113281 266.5 0
27.214843 3.762578 30.027343 265.5 0
27.253906 3.762109 29.929687 264.5 0
27.234375 3.762109 29.84375 264.0 0
27.171875 3.761953 29.757812 263.0 0
27.089843 3.761718 29.660156 262.5 0
27.089843 3.761718 29.574218 261.5 0
27.214843 3.76164 29.492187 261.0 0
27.195312 3.76125 29.40625 260.0 0
26.988281 3.761406 29.308593 259.0 0
27.050781 3.76125 29.222656 258.5 0
27.132812 3.761093 29.125 257.5 0
27.011718 3.760859 29.027343 256.5 0
27.195312 3.760468 28.941406 256.0 0
27.152343 3.760546 28.84375 255.0 0
27.234375 3.760546 28.746093 254.5 0
27.417968 3.760234 28.660156 253.5 0
27.113281 3.760077 28.574218 252.5 0
27.214843 3.760156 28.476562 252.0 0
26.988281 3.759843 28.390625 251.0 0
27.171875 3.759609 28.292968 250.5 0
27.234375 3.759609 28.207031 249.5 0
27.113281 3.759531 28.125 248.5 0
27.195312 3.759609 28.027343 248.0 0
27.152343 3.75914 27.941406 247.0 0
27.253906 3.75914 27.855468 246.5 0
27.253906 3.758827 27.769531 245.5 0
27.152343 3.758749 27.671875 245.0 0
27.152343 3.758671 27.585937 244.0 0
27.214843 3.758359 27.5 243.0 0
27.089843 3.758359 27.414062 242.5 0
27.195312 3.758046 27.328125 241.5 0
27.171875 3.758046 27.246093 241.0 0
27.113281 3.757812 27.160156 240.0 0
26.96875 3.757656 27.074218 239.5 0
27.171875 3.757343 26.976562 238.5 0
27.296875 3.757343 26.890625 238.0 0
27.050781 3.757187 26.804687 237.0 0
27.171875 3.756874 26.71875 236.5 0
27.132812 3.756874 26.632812 235.5 0
27.355468 3.75664 26.535156 234.5 0
27.214843 3.756328 26.449218 234.0 0
27.296875 3.756171 26.367187 233.0 0
27.296875 3.756171 26.28125 232.5 0
27.335937 3.755702 26.195312 231.5 0
26.988281 3.755546 26.109375 231.0 0
27.089843 3.755546 26.023437 230.0 0
27.214843 3.755546 25.925781 229.5 0
27.070312 3.755312 25.839843 228.5 0
27.195312 3.755234 25.753906 228.0 0
27.195312 3.754765 25.667968 227.0 0
27.132812 3.754452 25.585937 226.5 0
27.050781 3.754531 25.5 225.5 0
27.089843 3.754218 25.414062 225.0 0
27.113281 3.754218 25.328125 224.0 0
27.214843 3.753828 25.242187 223.5 0
27.296875 3.753671 25.167968 222.5 0
27.195312 3.753281 25.082031 222.0 0
27.253906 3.753359 25.0 221.0 0
27.234375 3.753281 24.914062 220.5 0
27.113281 3.752968 24.828125 219.5 0
27.4375 3.752656 24.742187 219.0 0
27.171875 3.751796 24.65625 218.0 0
27.296875 3.752421 24.582031 217.5 0
27.234375 3.752187 24.496093 216.5 0
27.171875 3.751796 24.414062 216.0 0
27.113281 3.751484 24.328125 215.0 0
27.132812 3.75125 24.242187 214.5 0
27.234375 3.751327 24.167968 213.5 0
27.132812 3.750859 24.082031 213.0 0
27.113281 3.750546 23.996093 212.0 0
27.316406 3.750703 23.925781 211.5 0
27.050781 3.750156 23.839843 211.0 0
27.296875 3.749843 23.753906 210.0 0
27.089843 3.749687 23.679687 209.5 0
27.113281 3.749374 23.59375 208.5 0
27.171875 3.74914 23.507812 208.0 0
27.152343 3.748827 23.421875 207.0 0
27.234375 3.748827 23.351562 206.5 0
27.070312 3.748593 23.265625 205.5 0
26.988281 3.748124 23.179687 205.0 0
27.113281 3.747734 23.105468 204.5 0
27.070312 3.747343 23.019531 203.5 0
27.132812 3.747343 22.933593 203.0 0
27.195312 3.747031 22.863281 202.0 0
27.195312 3.74664 22.777343 201.5 0
27.171875 3.746249 22.703125 200.5 0
27.132812 3.745859 22.617187 200.0 0
27.234375 3.746171 22.53125 199.5 0
27.152343 3.745546 22.460937 198.5 0
27.132812 3.745234 22.375 198.0 0
27.296875 3.744843 22.300781 197.0 0
27.195312 3.744921 22.214843 196.5 0
27.214843 3.744531 22.140625 195.5 0
27.234375 3.744296 22.054687 195.0 0
27.070312 3.743828 21.984375 194.5 0
27.355468 3.743281 21.898437 193.5 0
27.378906 3.742968 21.8125 193.0 0
27.316406 3.742734 21.726562 192.0 0
27.070312 3.742499 21.652343 191.5 0
27.335937 3.742031 21.566406 190.5 0
27.03125 3.741796 21.496093 190.0 0
27.195312 3.741562 21.410156 189.5 0
27.234375 3.741484 21.335937 188.5 0
27.070312 3.740859 21.25 188.0 0
27.195312 3.740546 21.164062 187.0 0
27.214843 3.740077 21.09375 186.5 0
27.253906 3.739765 21.007812 185.5 0
27.296875 3.739687 20.921875 185.0 0
27.152343 3.739218 20.847656 184.5 0
27.132812 3.739218 20.761718 183.5 0
27.070312 3.738749 20.675781 183.0 0
27.316406 3.738515 20.605468 182.0 0
27.132812 3.738281 20.519531 181.5 0
27.234375 3.737968 20.445312 180.5 0
27.195312 3.737499 20.359375 180.0 0
27.171875 3.737187 20.273437 179.5 0
27.214843 3.736874 20.199218 178.5 0
27.214843 3.736718 20.117187 178.0 0
27.152343 3.736484 20.03125 177.0 0
27.171875 3.736249 19.957031 176.5 0
27.195312 3.735859 19.871093 175.5 0
27.234375 3.735702 19.785156 175.0 0
27.152343 3.735546 19.699218 174.0 0
27.152343 3.735156 19.628906 173.5 0
27.171875 3.734843 19.542968 173.0 0
27.355468 3.734843 19.457031 172.0 0
27.070312 3.734531 19.382812 171.5 0
27.03125 3.733984 19.296875 170.5 0
27.132812 3.733749 19.210937 170.0 0
27.214843 3.733437 19.125 169.0 0
27.152343 3.733281 19.054687 168.5 0
27.214843 3.733124 18.96875 167.5 0
27.113281 3.73289 18.882812 167.0 0
27.214843 3.732656 18.796875 166.0 0
26.988281 3.732343 18.722656 165.5 0
27.03125 3.731874 18.636718 164.5 0
27.214843 3.731874 18.554687 164.0 0
27.152343 3.731171 18.46875 163.5 0
27.296875 3.731171 18.382812 162.5 0
27.171875 3.731015 18.308593 162.0 0
27.335937 3.730781 18.222656 161.0 0
27.070312 3.730468 18.136718 160.5 0
27.335937 3.73039 18.050781 159.5 0
27.195312 3.730234 17.980468 159.0 0
26.988281 3.729765 17.894531 158.0 0
27.234375 3.729374 17.808593 157.5 0
27.234375 3.729218 17.734375 156.5 0
27.214843 3.728671 17.648437 156.0 0
27.113281 3.728593 17.5625 155.5 0
27.296875 3.728281 17.492187 154.5 0
27.132812 3.727656 17.40625 154.0 0
27.296875 3.727343 17.320312 153.0 0
27.234375 3.727343 17.234375 152.5 0
27.152343 3.727109 17.160156 151.5 0
27.089843 3.726718 17.074218 151.0 0
27.234375 3.726406 16.992187 150.0 0
27.195312 3.725703 16.90625 149.5 0
27.296875 3.725859 16.832031 149.0 0
27.152343 3.72539 16.746093 148.0 0
27.253906 3.724999 16.660156 147.5 0
27.195312 3.724375 16.574218 146.5 0
27.316406 3.723984 16.503906 146.0 0
27.113281 3.723906 16.417968 145.0 0
27.089843 3.723515 16.332031 144.5 0
27.03125 3.722968 16.257812 143.5 0
27.253906 3.722421 16.171875 143.0 0
27.234375 3.722187 16.097656 142.5 0
27.214843 3.721718 16.015625 141.5 0
27.234375 3.72164 15.941406 141.0 0
27.195312 3.720624 15.855468 140.0 0
27.171875 3.72039 15.769531 139.5 0
27.195312 3.719921 15.695312 138.5 0
27.070312 3.719687 15.609375 138.0 0
27.152343 3.718984 15.539062 137.5 0
27.113281 3.718593 15.453125 136.5 0
27.253906 3.718124 15.378906 136.0 0
27.277343 3.717421 15.292968 135.0 0
27.132812 3.717187 15.21875 134.5 0
27.234375 3.716406 15.136718 134.0 0
27.4375 3.715937 15.0625 133.0 0
27.214843 3.715234 14.988281 132.5 0
27.253906 3.714999 14.902343 131.5 0
27.171875 3.714843 14.828125 131.0 0
27.296875 3.714218 14.746093 130.5 0
27.296875 3.713671 14.671875 129.5 0
27.132812 3.712968 14.597656 129.0 0
27.113281 3.712578 14.511718 128.5 0
27.355468 3.712265 14.4375 127.5 0
27.113281 3.711484 14.367187 127.0 0
27.234375 3.710937 14.28125 126.5 0
27.335937 3.710703 14.207031 125.5 0
27.277343 3.709921 14.132812 125.0 0
27.152343 3.709687 14.0625 124.0 0
27.113281 3.708984 13.988281 123.5 0
27.253906 3.708593 13.902343 123.0 0
27.195312 3.708437 13.828125 122.0 0
27.195312 3.70789 13.753906 121.5 0
27.214843 3.707187 13.683593 121.0 0
27.234375 3.706874 13.609375 120.0 0
27.152343 3.706406 13.535156 119.5 0
27.277343 3.705859 13.460937 119.0 0
27.195312 3.705546 13.390625 118.5 0
27.355468 3.704999 13.304687 117.5 0
27.277343 3.704687 13.230468 117.0 0
27.214843 3.704375 13.15625 116.5 0
27.277343 3.703906 13.085937 115.5 0
27.253906 3.703359 13.011718 115.0 0
27.296875 3.703046 12.9375 114.5 0
27.378906 3.702265 12.863281 113.5 0
27.234375 3.701952 12.792968 113.0 0
27.355468 3.701249 12.71875 112.5 0
27.171875 3.701093 12.644531 111.5 0
27.152343 3.700703 12.570312 111.0 0
27.195312 3.699999 12.5 110.5 0
27.335937 3.699843 12.425781 109.5 0
27.195312 3.699062 12.351562 109.0 0
27.417968 3.698437 12.277343 108.5 0
27.460937 3.698203 12.207031 108.0 0
27.234375 3.697421 12.132812 107.0 0
27.417968 3.697187 12.058593 106.5 0
27.214843 3.696327 11.984375 106.0 0
27.253906 3.695859 11.914062 105.5 0
27.195312 3.69539 11.839843 104.5 0
27.214843 3.694843 11.777343 104.0 0
27.378906 3.694296 11.703125 103.5 0
27.277343 3.693515 11.632812 102.5 0
27.253906 3.693125 11.558593 102.0 0
27.171875 3.692187 11.484375 101.5 0
27.296875 3.691874 11.410156 101.0 0
27.277343 3.690781 11.339843 100.0 0
27.152343 3.690234 11.265625 99.5 0
27.335937 3.689609 11.191406 99.0 0
27.195312 3.688906 11.117187 98.5 0
27.316406 3.688281 11.046875 97.5 0
27.355468 3.687343 10.984375 97.0 0
27.277343 3.68664 10.910156 96.5 0
27.296875 3.686093 10.839843 95.5 0
27.398437 3.68539 10.765625 95.0 0
27.234375 3.684218 10.691406 94.5 0
27.398437 3.683828 10.617187 94.0 0
27.277343 3.683046 10.546875 93.0 0
27.335937 3.682265 10.472656 92.5 0
27.316406 3.681952 10.398437 92.0 0
27.316406 3.681484 10.324218 91.0 0
27.234375 3.681249 10.253906 90.5 0
27.4375 3.680702 10.179687 90.0 0
27.277343 3.680234 10.105468 89.5 0
27.378906 3.680156 10.042968 88.5 0
27.316406 3.679843 9.972656 88.0 0
27.316406 3.679453 9.898437 87.5 0
27.335937 3.679218 9.824218 87.0 0
27.296875 3.67914 9.75 86.0 0
27.335937 3.678984 9.679687 85.5 0
27.316406 3.678906 9.605468 85.0 0
27.378906 3.678749 9.53125 84.0 0
27.398437 3.678359 9.472656 83.5 0
27.234375 3.678046 9.398437 83.0 0
27.417968 3.677577 9.3125 82.5 0
27.378906 3.677968 9.238281 81.5 0
27.4375 3.67789 9.179687 81.0 0
27.417968 3.677656 9.105468 80.5 0
27.277343 3.677734 9.03125 80.0 0
27.460937 3.677421 8.96875 79.5 0
27.113281 3.677265 8.933593 79.0 0
27.417968 3.677187 8.898437 78.5 0
27.335937 3.677109 8.859375 78.0 0
27.378906 3.676874 8.824218 78.0 0
27.480468 3.676562 8.789062 77.5 0
27.460937 3.676406 8.761718 77.5 0
27.195312 3.676484 8.726562 77.0 0
27.335937 3.676171 8.691406 76.5 0
27.296875 3.675937 8.652343 76.5 0
27.355468 3.675624 8.628906 76.0 0
27.296875 3.675703 8.59375 76.0 0
27.296875 3.675703 8.554687 75.5 0
27.4375 3.675468 8.53125 75.5 0
27.683593 3.675234 8.496093 75.0 0
27.378906 3.675156 8.457031 74.5 0
27.335937 3.675156 8.421875 74.5 0
27.253906 3.674687 8.398437 74.0 0
27.171875 3.674921 8.359375 74.0 0
27.480468 3.674843 8.324218 73.5 0
27.460937 3.674531 8.300781 73.0 0
27.398437 3.674218 8.261718 73.0 0
27.355468 3.674218 8.226562 72.5 0
27.398437 3.673828 8.203125 72.5 0
27.335937 3.674062 8.164062 72.0 0
27.296875 3.673359 8.140625 72.0 0
27.5 3.673749 8.105468 71.5 0
27.316406 3.673359 8.066406 71.0 0
27.316406 3.673125 8.042968 71.0 0
27.398437 3.672968 8.007812 70.5 0
27.519531 3.673046 7.96875 70.5 0
27.5 3.672734 7.945312 70.0 0
27.355468 3.672343 7.910156 70.0 0
27.460937 3.672109 7.882812 69.5 0
27.460937 3.671952 7.847656 69.5 0
27.417968 3.671952 7.824218 69.0 0
27.480468 3.67164 7.785156 68.5 0
27.417968 3.671171 7.761718 68.5 0
27.4375 3.671328 7.726562 68.0 0
27.480468 3.671093 7.699218 68.0 0
27.378906 3.670702 7.664062 67.5 0
27.5 3.670546 7.628906 67.5 0
27.519531 3.669921 7.601562 67.0 0
27.378906 3.669765 7.566406 67.0 0
27.355468 3.669765 7.542968 66.5 0
27.480468 3.669296 7.503906 66.5 0
27.4375 3.669218 7.480468 66.0 0
27.378906 3.668906 7.445312 65.5 0
27.253906 3.668515 7.421875 65.5 0
27.644531 3.667421 7.382812 65.0 0
27.417968 3.667577 7.347656 65.0 0
27.542968 3.667031 7.324218 64.5 0
27.519531 3.66664 7.285156 64.5 0
27.621093 3.666406 7.261718 64.0 0
27.417968 3.665859 7.226562 64.0 0
27.417968 3.66539 7.1875 63.5 0
27.398437 3.664843 7.164062 63.0 0
27.4375 3.664062 7.128906 63.0 0
27.582031 3.663671 7.101562 62.5 0
27.542968 3.662812 7.066406 62.5 0
27.480468 3.661875 7.03125 62.0 0
27.726562 3.661171 7.003906 62.0 0
27.601562 3.660078 6.96875 61.5 0
27.726562 3.658906 6.933593 61.0 0
27.683593 3.658046 6.90625 61.0 0
27.417968 3.656327 6.871093 60.5 0
27.746093 3.654687 6.835937 60.5 0
27.765625 3.652968 6.796875 60.0 0
27.746093 3.650937 6.761718 59.5 0
27.847656 3.648906 6.722656 59.5 0
27.746093 3.646718 6.6875 59.0 0
27.847656 3.644062 6.652343 58.5 0
27.785156 3.640937 6.613281 58.5 0
27.96875 3.638281 6.566406 58.0 0
27.644531 3.635312 6.527343 57.5 0
27.785156 3.631953 6.480468 57.0 0
27.847656 3.628671 6.429687 57.0 0
27.867187 3.625312 6.394531 56.5 0
27.703125 3.621874 6.347656 56.0 0
27.765625 3.618359 6.285156 55.5 0
27.890625 3.614843 6.234375 55.0 0
27.867187 3.610937 6.1875 54.5 0
27.890625 3.607109 6.125 54.0 0
27.808593 3.603281 6.066406 53.5 0
27.746093 3.599218 6.015625 53.0 0
27.890625 3.595234 5.957031 52.5 0
27.726562 3.591015 5.894531 52.0 0
27.929687 3.586874 5.832031 51.5 0
27.910156 3.582577 5.773437 51.0 0
27.847656 3.578125 5.710937 50.5 0
27.765625 3.573827 5.648437 50.0 0
27.890625 3.569062 5.589843 49.0 0
27.847656 3.564296 5.515625 48.5 0
27.785156 3.55914 5.453125 48.0 0
27.867187 3.554296 5.382812 47.5 0
27.867187 3.549374 5.308593 47.0 0
27.890625 3.543906 5.234375 46.0 0
27.828125 3.538749 5.160156 45.5 0
27.867187 3.533515 5.089843 45.0 0
27.910156 3.527812 5.015625 44.0 0
27.808593 3.521953 4.941406 43.5 0
27.785156 3.516406 4.855468 43.0 0
27.890625 3.510234 4.769531 42.0 0
28.03125 3.503124 4.6875 41.5 0
28.011718 3.497109 4.601562 40.5 0
27.910156 3.490781 4.515625 40.0 0
28.050781 3.484062 4.429687 39.0 0
28.03125 3.476874 4.34375 38.0 0
27.96875 3.469843 4.246093 37.5 0
27.949218 3.462499 4.160156 36.5 0
27.828125 3.454765 4.0625 36.0 0
27.664062 3.446562 3.964843 35.0 0
27.644531 3.438359 3.855468 34.0 0
27.664062 3.429765 3.757812 33.0 0
27.519531 3.420859 3.660156 32.0 0
27.5625 3.411875 3.550781 31.0 0
27.398437 3.402343 3.441406 30.5 0
27.296875 3.392187 3.332031 29.5 0
27.214843 3.381484 3.207031 28.0 0
27.378906 3.369999 3.097656 27.0 0
